DAWY CN 2018 07 01 07 00 00.000 2018 07 01 10 00 00.000 1 HHE
DAWY CN 2018 07 01 07 00 00.000 2018 07 01 10 00 00.000 1 HHN
DAWY CN 2018 07 01 07 00 00.000 2018 07 01 10 00 00.000 1 HHZ
YUK2 CN 2018 07 01 07 00 00.000 2018 07 01 10 00 00.000 1 HHE
YUK2 CN 2018 07 01 07 00 00.000 2018 07 01 10 00 00.000 1 HHN
YUK2 CN 2018 07 01 07 00 00.000 2018 07 01 10 00 00.000 1 HHZ
YUK3 CN 2018 07 01 07 00 00.000 2018 07 01 10 00 00.000 1 HHE
YUK3 CN 2018 07 01 07 00 00.000 2018 07 01 10 00 00.000 1 HHN
YUK3 CN 2018 07 01 07 00 00.000 2018 07 01 10 00 00.000 1 HHZ
YUK4 CN 2018 07 01 07 00 00.000 2018 07 01 10 00 00.000 1 HHE
YUK4 CN 2018 07 01 07 00 00.000 2018 07 01 10 00 00.000 1 HHN
YUK4 CN 2018 07 01 07 00 00.000 2018 07 01 10 00 00.000 1 HHZ
YUK6 CN 2018 07 01 07 00 00.000 2018 07 01 10 00 00.000 1 HHE
YUK6 CN 2018 07 01 07 00 00.000 2018 07 01 10 00 00.000 1 HHN
YUK6 CN 2018 07 01 07 00 00.000 2018 07 01 10 00 00.000 1 HHZ
YUK8 CN 2018 07 01 07 00 00.000 2018 07 01 10 00 00.000 1 HHE
YUK8 CN 2018 07 01 07 00 00.000 2018 07 01 10 00 00.000 1 HHN
YUK8 CN 2018 07 01 07 00 00.000 2018 07 01 10 00 00.000 1 HHZ
COLA IU 2018 07 01 07 00 00.000 2018 07 01 10 00 00.000 1 HHE
COLA IU 2018 07 01 07 00 00.000 2018 07 01 10 00 00.000 1 HHN
COLA IU 2018 07 01 07 00 00.000 2018 07 01 10 00 00.000 1 HHZ
COLA IU 2018 07 01 07 00 00.000 2018 07 01 10 00 00.000 1 HHE
COLA IU 2018 07 01 07 00 00.000 2018 07 01 10 00 00.000 1 HHN
COLA IU 2018 07 01 07 00 00.000 2018 07 01 10 00 00.000 1 HHZ
EP14 XO 2018 07 01 07 00 00.000 2018 07 01 10 00 00.000 1 HHE
EP14 XO 2018 07 01 07 00 00.000 2018 07 01 10 00 00.000 1 HHN
EP14 XO 2018 07 01 07 00 00.000 2018 07 01 10 00 00.000 1 HHZ
EP15 XO 2018 07 01 07 00 00.000 2018 07 01 10 00 00.000 1 HHE
EP15 XO 2018 07 01 07 00 00.000 2018 07 01 10 00 00.000 1 HHN
EP15 XO 2018 07 01 07 00 00.000 2018 07 01 10 00 00.000 1 HHZ
EP16 XO 2018 07 01 07 00 00.000 2018 07 01 10 00 00.000 1 HHE
EP16 XO 2018 07 01 07 00 00.000 2018 07 01 10 00 00.000 1 HHN
EP16 XO 2018 07 01 07 00 00.000 2018 07 01 10 00 00.000 1 HHZ
EP22 XO 2018 07 01 07 00 00.000 2018 07 01 10 00 00.000 1 HHE
EP22 XO 2018 07 01 07 00 00.000 2018 07 01 10 00 00.000 1 HHN
EP22 XO 2018 07 01 07 00 00.000 2018 07 01 10 00 00.000 1 HHZ
ET17 XO 2018 07 01 07 00 00.000 2018 07 01 10 00 00.000 1 HHE
ET17 XO 2018 07 01 07 00 00.000 2018 07 01 10 00 00.000 1 HHN
ET17 XO 2018 07 01 07 00 00.000 2018 07 01 10 00 00.000 1 HHZ
ET19 XO 2018 07 01 07 00 00.000 2018 07 01 10 00 00.000 1 HHE
ET19 XO 2018 07 01 07 00 00.000 2018 07 01 10 00 00.000 1 HHN
ET19 XO 2018 07 01 07 00 00.000 2018 07 01 10 00 00.000 1 HHZ
KD01 XO 2018 07 01 07 00 00.000 2018 07 01 10 00 00.000 1 HHE
KD01 XO 2018 07 01 07 00 00.000 2018 07 01 10 00 00.000 1 HHN
KD01 XO 2018 07 01 07 00 00.000 2018 07 01 10 00 00.000 1 HHZ
KD02 XO 2018 07 01 07 00 00.000 2018 07 01 10 00 00.000 1 HHE
KD02 XO 2018 07 01 07 00 00.000 2018 07 01 10 00 00.000 1 HHN
KD02 XO 2018 07 01 07 00 00.000 2018 07 01 10 00 00.000 1 HHZ
KD04 XO 2018 07 01 07 00 00.000 2018 07 01 10 00 00.000 1 HHE
KD04 XO 2018 07 01 07 00 00.000 2018 07 01 10 00 00.000 1 HHN
KD04 XO 2018 07 01 07 00 00.000 2018 07 01 10 00 00.000 1 HHZ
KD12 XO 2018 07 01 07 00 00.000 2018 07 01 10 00 00.000 1 HHE
KD12 XO 2018 07 01 07 00 00.000 2018 07 01 10 00 00.000 1 HHN
KD12 XO 2018 07 01 07 00 00.000 2018 07 01 10 00 00.000 1 HHZ
KS03 XO 2018 07 01 07 00 00.000 2018 07 01 10 00 00.000 1 HHE
KS03 XO 2018 07 01 07 00 00.000 2018 07 01 10 00 00.000 1 HHN
KS03 XO 2018 07 01 07 00 00.000 2018 07 01 10 00 00.000 1 HHZ
KS13 XO 2018 07 01 07 00 00.000 2018 07 01 10 00 00.000 1 HHE
KS13 XO 2018 07 01 07 00 00.000 2018 07 01 10 00 00.000 1 HHN
KS13 XO 2018 07 01 07 00 00.000 2018 07 01 10 00 00.000 1 HHZ
KT06 XO 2018 07 01 07 00 00.000 2018 07 01 10 00 00.000 1 HHE
KT06 XO 2018 07 01 07 00 00.000 2018 07 01 10 00 00.000 1 HHN
KT06 XO 2018 07 01 07 00 00.000 2018 07 01 10 00 00.000 1 HHZ
KT08 XO 2018 07 01 07 00 00.000 2018 07 01 10 00 00.000 1 HHE
KT08 XO 2018 07 01 07 00 00.000 2018 07 01 10 00 00.000 1 HHN
KT08 XO 2018 07 01 07 00 00.000 2018 07 01 10 00 00.000 1 HHZ
KT09 XO 2018 07 01 07 00 00.000 2018 07 01 10 00 00.000 1 HHE
KT09 XO 2018 07 01 07 00 00.000 2018 07 01 10 00 00.000 1 HHN
KT09 XO 2018 07 01 07 00 00.000 2018 07 01 10 00 00.000 1 HHZ
F1TN XV 2018 07 01 07 00 00.000 2018 07 01 10 00 00.000 1 HHE
F1TN XV 2018 07 01 07 00 00.000 2018 07 01 10 00 00.000 1 HHN
F1TN XV 2018 07 01 07 00 00.000 2018 07 01 10 00 00.000 1 HHZ
F3TN XV 2018 07 01 07 00 00.000 2018 07 01 10 00 00.000 1 HHE
F3TN XV 2018 07 01 07 00 00.000 2018 07 01 10 00 00.000 1 HHN
F3TN XV 2018 07 01 07 00 00.000 2018 07 01 10 00 00.000 1 HHZ
F4TN XV 2018 07 01 07 00 00.000 2018 07 01 10 00 00.000 1 HHE
F4TN XV 2018 07 01 07 00 00.000 2018 07 01 10 00 00.000 1 HHN
F4TN XV 2018 07 01 07 00 00.000 2018 07 01 10 00 00.000 1 HHZ
F5MN XV 2018 07 01 07 00 00.000 2018 07 01 10 00 00.000 1 HHE
F5MN XV 2018 07 01 07 00 00.000 2018 07 01 10 00 00.000 1 HHN
F5MN XV 2018 07 01 07 00 00.000 2018 07 01 10 00 00.000 1 HHZ
F6TP XV 2018 07 01 07 00 00.000 2018 07 01 10 00 00.000 1 HHE
F6TP XV 2018 07 01 07 00 00.000 2018 07 01 10 00 00.000 1 HHN
F6TP XV 2018 07 01 07 00 00.000 2018 07 01 10 00 00.000 1 HHZ
FTGH XV 2018 07 01 07 00 00.000 2018 07 01 10 00 00.000 1 HHE
FTGH XV 2018 07 01 07 00 00.000 2018 07 01 10 00 00.000 1 HHN
FTGH XV 2018 07 01 07 00 00.000 2018 07 01 10 00 00.000 1 HHZ
