  73077.  3300.00  8174.54  4442.69    0.00   70.00  8174.54  4442.69 1.00000 ASTHENO-TOP
  73077.  3300.00  8341.37  4752.92    0.00  200.00  8341.37  4752.92 1.00000 LID-BOTTOM
  52979.  3300.00  8341.37  4752.92    0.00  200.00  8341.37  4752.92 1.00000 LID-TOP
  52979.  2978.02  7066.49  4027.90    0.00  600.00  7066.49  4027.90 1.00000 CRUST3-BOTTOM
  43833.  2978.02  7066.49  4027.90    0.00  600.00  7066.49  4027.90 1.00000 CRUST3-TOP
  43833.  2806.41  6359.84  3684.67    0.00  600.00  6359.84  3684.67 1.00000 CRUST2-BOTTOM
  22846.  2806.41  6359.84  3684.67    0.00  600.00  6359.84  3684.67 1.00000 CRUST2-TOP
  22846.  2766.03  6157.94  3583.72    0.00  600.00  6157.94  3583.72 1.00000 CRUST1-BOTTOM
   -826.  2766.03  6157.94  3583.72    0.00  600.00  6157.94  3583.72 1.00000 CRUST1-TOP
   -826.  2110.00  2500.00  1070.00    0.00  600.00  2500.00  1070.00 1.00000 SEDS1-BOTTOM
  -1169.  2110.00  2500.00  1070.00    0.00  600.00  2500.00  1070.00 1.00000 SEDS1-TOP
