(a4,f7.4,a1,1x,f8.4,a1,1x,i4,1x,i1,1x,i3,1x,f5.2,2x,f5.2)
ABAB39.3318N 114.5029E    0 1   1  0.00   0.00   1
ACAC39.3711N 114.4239E    0 1   2  0.00   0.00   1
ADAD39.4142N 114.4549E    0 1   3  0.00   0.00   1
AEAE39.4790N 114.3982E    0 1   4  0.00   0.00   1
AFAF39.5021N 114.4212E    0 1   5  0.00   0.00   1
AGAG39.5525N 114.4157E    0 1   6  0.00   0.00   1
AHAH39.5793N 114.3115E    0 1   7  0.00   0.00   1
AIAI39.5832N 114.2320E    0 1   8  0.00   0.00   1
AJAJ39.6260N 114.1992E    0 1   9  0.00   0.00   1
AKAK39.7122N 114.1805E    0 1  10  0.00   0.00   1
ALAL39.7488N 114.0192E    0 1  11  0.00   0.00   1
AMAM39.7708N 114.0844E    0 1  12  0.00   0.00   1
ANAN39.8722N 113.9904E    0 1  13  0.00   0.00   1
AOAO39.9120N 114.0057E    0 1  14  0.00   0.00   1
APAP39.9335N 113.9302E    0 1  15  0.00   0.00   1
AQAQ39.9871N 113.6993E    0 1  16  0.00   0.00   1
ARAR40.0062N 113.9916E    0 1  17  0.00   0.00   1
ASAS39.9828N 113.8298E    0 1  18  0.00   0.00   1
ATAT40.0977N 113.6240E    0 1  19  0.00   0.00   1
AUAU40.0712N 113.8412E    0 1  20  0.00   0.00   1
AVAV40.1913N 113.9371E    0 1  21  0.00   0.00   1
AWAW40.1633N 113.7169E    0 1  22  0.00   0.00   1
AXAX40.2151N 113.7737E    0 1  23  0.00   0.00   1
BABA40.2939N 113.6664E    0 1  24  0.00   0.00   1
BBBB40.3707N 113.6841E    0 1  25  0.00   0.00   1
BCBC40.4306N 113.7083E    0 1  26  0.00   0.00   1
BDBD40.4660N 113.6379E    0 1  27  0.00   0.00   1
BEBE40.5262N 113.5562E    0 1  28  0.00   0.00   1
BFBF35.2855N 111.9290E    0 1  29  0.00   0.00   1
BGBG35.2518N 111.8680E    0 1  30  0.00   0.00   1
BHBH35.2682N 111.8187E    0 1  31  0.00   0.00   1
BIBI35.3317N 111.7491E    0 1  32  0.00   0.00   1
BJBJ35.3044N 111.7020E    0 1  33  0.00   0.00   1
BKBK35.2508N 111.6145E    0 1  34  0.00   0.00   1
BLBL35.2337N 111.6092E    0 1  35  0.00   0.00   1
BMBM35.2815N 111.5790E    0 1  36  0.00   0.00   1
BNBN35.3099N 111.5006E    0 1  37  0.00   0.00   1
BOBO35.4061N 111.4137E    0 1  38  0.00   0.00   1
BPBP35.4631N 111.1836E    0 1  39  0.00   0.00   1
BQBQ35.4158N 111.4500E    0 1  40  0.00   0.00   1
BRBR35.3338N 110.7661E    0 1  41  0.00   0.00   1
BSBS35.5123N 111.2135E    0 1  42  0.00   0.00   1
BTBT35.3879N 111.1140E    0 1  43  0.00   0.00   1
BUBU35.4615N 111.0611E    0 1  44  0.00   0.00   1
BVBV35.3733N 111.0318E    0 1  45  0.00   0.00   1
BWBW35.3796N 111.9559E    0 1  46  0.00   0.00   1
BXBX35.3183N 110.8265E    0 1  47  0.00   0.00   1
CACA35.5437N 111.3636E    0 1  48  0.00   0.00   1
CBCB35.3787N 110.7072E    0 1  49  0.00   0.00   1
CCCC35.3337N 110.6698E    0 1  50  0.00   0.00   1
CDCD35.3018N 110.6129E    0 1  51  0.00   0.00   1
CECE35.2777N 110.5206E    0 1  52  0.00   0.00   1
CFCF35.5148N 110.3741E    0 1  53  0.00   0.00   1
CGCG35.5130N 110.3021E    0 1  54  0.00   0.00   1
CHCH35.5280N 110.2448E    0 1  55  0.00   0.00   1
CICI35.5105N 110.1765E    0 1  56  0.00   0.00   1
CJCJ35.5447N 110.1376E    0 1  57  0.00   0.00   1
CKCK35.5810N 110.0910E    0 1  58  0.00   0.00   1
CLCL35.2587N 111.9822E    0 1  59  0.00   0.00   1
CMCM35.8185N 111.6716E    0 1  60  0.00   0.00   1
CNCN35.8568N 111.1141E    0 1  61  0.00   0.00   1
COCO35.5037N 111.3001E    0 1  62  0.00   0.00   1
CPCP35.4376N 111.3442E    0 1  63  0.00   0.00   1
JUMM37.1608N 113.8977W    0 1 125  0.00   0.00   1
                                                    
