2014 1 1 13 8 44.15 36.403 114.012 .22 4 6 177
2014 1 4 16 48 27.39 40.642 114.429 .35 3 9 147
2014 1 11 34 3 1.31 40.6492 114.4123 19 2. 146
2014 1 13 17 41 43.36 40.657 114.427 .04 2 5 147
2014 1 29 20 15 16.09 40.636 114.420 .16 3 8 146
2014 1 1 84 8 0.94 37.1248 111.7762 74 2. 110
2014 1 1 13 9 13.74 37.123 111.768 .62 2 8 108
2014 1 1 13 9 38.31 37.124 111.762 .38 2 8 107
2014 1 4 11 17 14.38 37.115 111.764 .46 2 8 106
2014 1 6 71 3 2.29 37.1204 111.7659 24 2. 107
2014 1 8 53 6 4.83 37.1049 111.7611 63 2. 103
2014 1 10 11 7 9.48 37.1416 111.7707 71 2. 112
2014 1 11 31 9 4.04 37.1156 111.7614 77 2. 105
2014 1 12 10 49 5.37 37.1268 111.7594 60 2. 108
2014 1 13 11 2 7.23 37.1206 111.7865 91 2. 110
2014 1 17 91 3 7.10 37.1127 111.7735 87 2. 107
2014 1 23 2 6 4.03 37.1119 111.7513 26 2. 103
2014 1 24 75 7 .49 3 7.1190N 11.7508E 4 2.7 104 0
2014 1 7 05 6 .40 3 7.8045N 12.8197E 4 3.3 102 0
2014 1 9 6 4 4.59 35.0651 112.4562 78 3. 238
2014 1 7 14 26 2.56 38.5930 113.0284 .18 3 3 85
2014 1 10 11 48 0.75 38.6074 113.0351 .54 4 8 85
2014 1 11 42 3 5.89 38.6076 113.0207 .21 3 1 83
2014 1 12 10 48 19.66 38.598 113.024 5.30 86 84
2014 1 1 84 8 5.65 36.2253 111.7043 88 2. 100
2014 1 1 84 9 .76 3 6.2167N 11.6939E 4 2.7 101 0
2014 1 2 05 4 4.68 36.2405 111.6871 55 3. 96 0
2014 1 4 11 16 39.34 36.216 111.693 2.11 04 10
2014 1 4 11 17 55.26 36.219 111.705 .72 2 5 101
2014 1 5 12 25 42.07 36.203 111.687 0.09 95 10
2014 1 5 12 26 5.16 36.2219 111.7004 82 2. 101
2014 1 7 54 6 .03 3 6.2211N 11.7065E 4 3.1 101 0
2014 1 7 54 6 5.57 36.2182 111.7102 75 3. 101
2014 1 7 14 26 44.05 36.215 111.711 .83 2 9 102
2014 1 7 14 27 17.39 36.207 111.699 .44 2 6 103
2014 1 14 44 3 5.39 36.2196 111.7008 08 3. 101
2014 1 14 52 4 7.87 36.2128 111.7099 41 3. 103
2014 1 16 12 44 48.93 36.220 111.697 .53 3 2 101
2014 1 20 12 12 35.36 36.220 111.683 .22 2 9 100
2014 1 23 64 4 1.19 36.2345 111.7182 93 3. 98 0
2014 1 24 75 7 3.59 36.2340 111.7066 47 3. 98 0
2014 1 29 4 1 3.51 36.2246 111.7122 46 2. 100
2014 1 1 7 8 5.41 35.9792 110.3443 19 2. 116
2014 1 1 84 8 2.85 35.9576 110.3441 16 2. 116
2014 1 1 84 8 3.51 35.9652 110.3334 43 2. 117
2014 1 1 84 8 8.45 35.9842 110.3504 01 2. 115
2014 1 1 13 9 43.51 35.968 110.335 .16 2 8 117
2014 1 4 5 7 5.73 35.9660 110.3215 .16 3 1 119
2014 1 4 11 16 20.96 35.963 110.329 .68 2 1 117
2014 1 4 11 17 11.59 35.976 110.366 .42 2 5 114
2014 1 4 11 18 8.32 35.9555 110.3371 62 2. 116
2014 1 5 11 24 17.27 35.968 110.364 .56 2 4 114
2014 1 10 54 3 9.17 35.9830 110.3399 09 2. 116
2014 1 10 85 8 7.00 35.9805 110.3572 19 2. 119
2014 1 11 4 1 7.40 35.9662 110.3359 67 4. 117
2014 1 16 31 3 3.74 35.9675 110.3478 29 3. 116
2014 1 16 12 44 42.54 35.949 110.355 1.53 69 11
2014 1 16 12 44 59.45 35.973 110.356 .99 2 6 115
2014 1 16 20 55 48.79 35.979 110.359 .16 2 0 115
2014 1 19 43 4 1.59 35.9649 110.3285 53 2. 117
2014 1 20 18 57 26.79 35.966 110.336 2.61 94 11
2014 1 21 10 39 13.45 35.971 110.365 0.84 78 11
2014 1 21 12 12 36.31 35.957 110.333 .33 2 0 117
2014 1 21 12 12 57.13 35.965 110.359 .18 2 6 114
2014 1 22 4 3 8.59 35.9803 110.3470 11 3. 115
2014 1 23 2 7 .90 3 5.9552N 10.3144E 9 2.5 119 1
2014 1 23 2 7 2.82 35.9695 110.3511 05 2. 116
2014 1 29 4 1 8.53 35.9724 110.3619 42 2. 114
2014 1 1 84 8 4.26 35.6196 111.2980 24 3. 70 0
2014 1 1 84 9 3.27 35.6193 111.3010 08 3. 70 0
2014 1 4 11 16 47.98 35.618 111.304 2.08 50 69
2014 1 4 11 17 22.71 35.631 111.288 .93 3 7 70
2014 1 5 12 25 15.87 35.616 111.286 .59 4 6 70
2014 1 6 13 1 0.01 35.6178 111.2923 86 4. 70 0
2014 1 7 54 6 9.16 35.6107 111.3058 48 3. 69 0
2014 1 7 14 26 39.52 35.627 111.298 .09 3 6 70
2014 1 7 14 27 2.53 35.6212 111.3158 71 3. 69 0
2014 1 7 14 27 32.96 35.636 111.301 .88 3 6 69
2014 1 16 12 44 31.73 35.619 111.300 .82 3 8 70
2014 1 16 12 45 3.51 35.6088 111.3034 93 3. 69 0
2014 1 16 12 45 21.90 35.612 111.296 .66 2 9 69
2014 1 17 83 3 9.83 35.6295 111.2970 .82 3 2 70
2014 1 19 43 5 .60 3 5.6360N 11.2957E 5 3.3 70 0.
2014 1 20 12 12 28.95 35.621 111.307 .89 3 9 69
2014 1 20 12 12 41.22 35.622 111.302 .34 3 8 70
2014 1 20 12 12 59.20 35.630 111.296 .21 2 6 70
2014 1 21 12 12 35.49 35.623 111.295 .13 3 6 70
2014 1 21 12 12 51.17 35.609 111.277 .91 2 9 70
2014 1 24 85 6 1.28 35.6222 111.2902 91 3. 70 0
2014 1 24 85 6 2.72 35.6283 111.3023 51 3. 69 0
2014 1 24 85 7 6.40 35.6166 111.3099 .63 3 9 68
2014 1 29 4 1 8.36 35.6268 111.2825 .50 3 5 70
2014 1 3 20 52 14.86 37.249 112.193 1.10 03 97
2014 1 6 44 4 .91 3 7.2827N 12.2007E 3 2.6 98 0.
2014 1 7 85 0 7.32 37.2577 112.1536 .98 3 4 106
2014 1 22 22 32 31.56 37.266 112.180 .65 3 4 101
2014 1 3 41 7 6.27 37.8005 112.5228 62 2. 81 0
2014 1 13 75 8 9.82 37.7940 112.5366 .14 2 9 85
2014 1 14 82 3 7.28 37.7965 112.5211 87 2. 81 0
2014 1 17 11 28 10.25 37.799 112.535 .86 3 6 83
2014 1 18 15 5 3.14 37.7947 112.5281 94 2. 83 0
2014 1 18 24 5 .69 3 7.7858N 12.5406E 9 2.6 87 0.
2014 1 22 16 44 0.49 37.8019 112.5382 .25 2 5 83
2014 1 23 2 6 9.88 37.7918 112.5131 07 2. 81 0
2014 1 28 14 32 51.63 37.793 112.527 .55 3 1 82
2014 1 28 23 52 4.80 37.7984 112.5275 .07 5 4 82
2014 1 12 11 44 51.38 36.069 111.623 0.95 62 62
2014 1 1 84 9 .55 3 7.9715N 11.8908E 2 2.4 141 0
2014 1 2 51 4 5.42 37.9631 111.8832 10 3. 140
2014 1 7 11 0 8.64 37.9367 111.8994 .71 3 7 131
2014 1 7 32 0 5.01 37.9566 111.9052 87 3. 135
2014 1 7 4 8 .09 3 7.9564N 11.8744E 3 3.0 140 0
2014 1 22 53 4 2.20 37.9897 111.8882 91 3. 143
2014 1 4 23 7 3.19 37.7767 112.4229 43 4. 67 0
2014 1 1 84 8 9.94 39.7968 112.5608 92 5. 80 0
2014 1 1 19 28 4.68 39.7883 112.5573 36 4. 81 0
2014 1 1 20 58 40.78 39.788 112.561 .51 5 0 82
2014 1 4 31 5 9.27 39.7851 112.5724 01 4. 82 0
2014 1 4 42 3 3.08 39.7946 112.5642 13 4. 81 0
2014 1 4 11 17 45.34 39.803 112.564 .60 4 8 80
2014 1 5 81 9 2.59 39.8063 112.5480 25 4. 81 0
2014 1 7 54 6 9.27 39.8166 112.5582 37 4. 81 0
2014 1 7 14 27 22.73 39.802 112.548 .76 4 5 80
2014 1 11 20 48 23.20 39.803 112.564 .67 4 0 80
2014 1 11 20 48 36.42 39.792 112.563 .91 4 3 81
2014 1 12 4 2 7.01 39.8040 112.5479 77 4. 81 0
2014 1 14 16 54 39.85 39.786 112.561 .97 4 4 82
2014 1 15 42 4 7.61 39.7941 112.5643 29 4. 81 0
2014 1 17 4 7 5.98 39.7918 112.5615 63 4. 81 0
2014 1 18 10 44 16.56 39.785 112.546 .58 4 8 81
2014 1 21 18 11 11.46 39.792 112.565 .39 4 5 81
2014 1 23 11 7 41.21 39.782 112.564 .83 4 4 82
2014 1 26 11 26 31.03 39.803 112.569 .10 4 4 80
2014 1 27 85 4 9.47 39.7875 112.5648 39 4. 82 0
2014 1 28 3 4 5.47 39.7994 112.5701 39 4. 81 0
2014 1 29 41 2 6.72 39.8070 112.5531 87 4. 80 0
2014 1 7 05 5 7.46 37.6175 112.4202 .93 2 0 128
2014 1 1 13 9 46.13 35.487 111.646 .47 2 1 99
2014 1 2 54 0 6.80 35.8234 111.3998 90 2. 138
2014 1 5 12 23 57.50 35.824 111.422 .79 2 0 132
2014 1 7 54 6 0.69 35.8260 111.4104 .75 2 2 135
2014 1 2 91 2 6.97 39.6814 113.4435 .99 4 8 66
2014 1 7 14 26 57.35 39.678 113.422 .14 4 1 64
2014 1 8 43 4 9.49 39.6788 113.4205 36 4. 74 0
2014 1 8 53 3 5.69 39.6727 113.4275 .82 4 3 74
2014 1 11 34 3 9.26 39.6722 113.4330 98 4. 63 0
2014 1 15 5 6 2.05 39.6717 113.4266 46 4. 62 0
2014 1 21 74 5 .99 3 9.6880N 13.4330E 53 4. 66 0
2014 1 21 74 5 1.84 39.6848 113.4292 04 4. 66 0
2014 1 24 75 7 2.41 39.6657 113.4383 .17 4 0 63
2014 1 26 11 9 55.35 39.674 113.441 0.68 36 74
2014 1 6 62 6 0.00 37.8426 112.5684 23 3. 162
2014 1 8 53 7 6.94 37.8632 112.4952 52 3. 154
2014 1 9 3 4 .86 3 7.8604N 12.5136E 4 3.2 148 0
2014 1 9 45 4 7.34 37.8324 112.5042 27 3. 147
2014 1 10 3 5 3.11 37.8430 112.5192 61 3. 144
2014 1 10 65 9 8.97 37.8516 112.5201 80 3. 144
2014 1 10 13 50 51.36 37.844 112.515 .97 3 9 145
2014 1 11 16 28 44.41 37.849 112.552 .43 3 8 153
2014 1 13 83 0 .75 3 7.8444N 12.5258E 5 3.2 146 0
2014 1 14 21 25 53.65 37.848 112.512 .95 3 2 147
2014 1 18 84 4 3.46 37.8611 112.5324 62 3. 142
2014 1 18 18 27 52.87 37.843 112.518 .25 3 7 144
2014 1 19 21 0 .65 3 7.8623N 12.5430E 9 3.0 144 0
2014 1 19 72 5 3.44 37.8081 112.5656 .81 2 2 179
2014 1 19 10 11 36.17 37.850 112.551 .17 3 8 152
2014 1 21 23 43 42.54 37.848 112.521 2.05 28 14
2014 1 22 7 8 9.75 37.8599 112.5162 75 3. 147
2014 1 22 7 9 2.40 37.8508 112.5087 .48 2 3 148
2014 1 22 21 52 1.34 37.8514 112.4997 91 3. 152
2014 1 22 22 32 48.37 37.832 112.528 .97 3 4 152
2014 1 22 22 56 4.22 37.8508 112.5454 62 3. 149
2014 1 23 2 7 1.39 37.8557 112.5149 67 2. 147
2014 1 23 2 7 3.34 37.8405 112.5277 25 2. 148
2014 1 23 14 6 48.62 37.853 112.537 0.50 01 14
2014 1 24 75 6 8.08 37.8533 112.4884 28 2. 155
2014 1 24 9 3 1.48 37.8563 112.4821 17 3. 157
2014 1 24 93 1 8.50 37.8447 112.4989 65 3. 151
2014 1 24 19 28 1.02 37.8414 112.5139 .97 3 4 145
2014 1 27 94 1 0.78 37.8768 112.5004 35 2. 153
2014 1 27 14 41 57.99 37.850 112.525 .97 3 5 143
2014 1 28 6 8 0.29 37.8702 112.5485 02 2. 142
2014 1 29 4 1 .60 3 7.8334N 12.5257E 11 3. 151
2014 1 1 84 8 .37 3 8.1454N 12.4713E 70 3. 182
2014 1 1 84 8 2.03 38.1657 112.4768 83 3. 178
2014 1 1 84 8 6.53 38.1437 112.4570 22 3. 185
2014 1 2 91 8 3.28 38.1466 112.4367 .10 4 9 188
2014 1 3 41 7 3.04 38.1817 112.4928 .98 3 9 174
2014 1 4 11 16 36.83 38.141 112.429 .45 4 6 189
2014 1 4 11 17 18.73 38.184 112.501 1.34 26 17
2014 1 4 11 17 41.03 38.169 112.472 .13 3 2 178
2014 1 6 61 5 .88 3 8.1621N 12.4702E 20 3. 180
2014 1 7 54 4 8.08 38.1231 112.4338 .01 3 9 192
2014 1 7 54 5 9.87 38.1614 112.4555 .07 2 5 182
2014 1 7 61 6 .12 3 8.1325N 12.4333E 81 3. 190
2014 1 7 75 8 4.65 38.1696 112.4840 .03 3 7 177
2014 1 10 95 3 9.69 38.1479 112.4423 80 2. 186
2014 1 11 5 6 .25 3 8.1614N 12.4604E 9 3.5 181 0
2014 1 12 10 48 33.83 38.161 112.446 .89 2 0 184
2014 1 14 15 26 33.01 38.132 112.421 .15 2 8 192
2014 1 15 5 7 4.21 38.1576 112.4441 .76 3 9 184
2014 1 21 10 39 24.70 38.170 112.482 0.40 26 17
2014 1 24 75 7 .20 3 8.1535N 12.4530E 4 2.7 184 0
2014 1 24 85 5 7.14 38.1418 112.4306 .00 3 6 189
2014 1 27 91 2 .84 3 8.1401N 12.4380E 0 3.5 188 0
2014 1 1 4 6 0.48 35.3644 113.6398 94 2. 287
2014 1 6 4 1 9.90 35.3584 113.5894 .19 2 7 286
2014 1 6 61 7 8.51 35.3567 113.5833 .16 3 1 286
2014 1 7 4 1 .24 3 5.3426N 13.6420E 9 3.0 289 0
2014 1 7 54 5 4.68 35.3367 113.6012 12 3. 288
2014 1 7 54 6 .03 3 5.3855N 13.5846E 8 2.7 283 0
2014 1 7 54 6 5.01 35.3407 113.5888 85 2. 288
2014 1 7 14 25 58.64 35.358 113.544 .07 2 7 285
2014 1 7 14 27 8.79 35.3548 113.5976 87 2. 287
2014 1 13 41 1 7.28 35.3342 113.5855 99 2. 289
2014 1 15 4 0 9.75 35.3405 113.5916 74 2. 288
2014 1 16 4 0 1.39 35.3645 113.5839 .90 2 6 286
2014 1 17 35 8 5.67 35.3614 113.6217 32 2. 287
2014 1 20 4 1 9.36 35.3368 113.6496 63 2. 290
2014 1 20 93 0 .15 3 5.3796N 13.6011E 7 2.7 285 0
2014 1 22 23 39 48.46 35.353 113.551 0.58 73 28
2014 1 23 35 8 1.51 35.3609 113.5880 79 3. 286
2014 1 23 4 1 .84 3 5.3720N 13.6320E 3 2.7 286 0
